name,mz
UNIMOD:35,15.99491
UNIMOD:4,57.021464